clonal wt1	clonal wt2	clonal wt3	subclonal wt1	subclonal wt2	subclonal wt3	clonal subclonal1	clonal subclonal2	clonal subclonal3	clonal wt1	clonal wt2	clonal wt3	subclonal wt1	subclonal wt2	subclonal wt3	clonal subclonal1	clonal subclonal2	clonal subclonal3	clonal wt1	clonal wt2	clonal wt3	subclonal wt1	subclonal wt2	subclonal wt3	clonal subclonal1	clonal subclonal2	clonal subclonal3
Del_1p36.32	NA	NA	NA	0.285545454309024	0.295614836115913	0.526361483733384	NA	NA	NA	NA	NA	NA	0.38166991422134	0.38830291788	0.602583809609588	NA	NA	NA	NA	NA	NA	0.548226512213499	0.550176183784501	0.320483992924087	NA	NA	NA
Del_1p36.23	NA	NA	NA	0.29225634091936	0.302057400514695	0.535097933202864	NA	NA	NA	NA	NA	NA	0.390862088684012	0.397200371611225	0.614049070076568	NA	NA	NA	NA	NA	NA	0.567725479232049	0.56942109666598	0.349833555730755	NA	NA	NA
Amp_1p36.21	NA	NA	NA	NA	NA	NA	NA	NA	NA	NA	NA	NA	NA	NA	NA	NA	NA	NA	NA	NA	NA	NA	NA	NA	NA	NA	NA
Del_1p32.3	NA	NA	NA	NA	NA	NA	NA	NA	NA	NA	NA	NA	NA	NA	NA	NA	NA	NA	NA	NA	NA	NA	NA	NA	NA	NA	NA
Del_1p22.1	NA	NA	NA	NA	NA	NA	NA	NA	NA	NA	NA	NA	NA	NA	NA	NA	NA	NA	NA	NA	NA	NA	NA	NA	NA	NA	NA
Amp_1q22	NA	NA	NA	0.239480734193555	0.253515057627665	0.624790241022012	NA	NA	NA	NA	NA	NA	0.178354081319265	0.195344704913762	0.995308808655392	NA	NA	NA	NA	NA	NA	0.9230985033987	0.923963158792772	0.387489453994521	NA	NA	NA
Amp_1q32.1	NA	NA	NA	NA	NA	NA	NA	NA	NA	NA	NA	NA	NA	NA	NA	NA	NA	NA	NA	NA	NA	NA	NA	NA	NA	NA	NA
Del_1q42.11	NA	NA	NA	NA	NA	NA	NA	NA	NA	NA	NA	NA	NA	NA	NA	NA	NA	NA	NA	NA	NA	NA	NA	NA	NA	NA	NA
Amp_1q44	NA	NA	NA	NA	NA	NA	NA	NA	NA	NA	NA	NA	NA	NA	NA	NA	NA	NA	NA	NA	NA	NA	NA	NA	NA	NA	NA
Del_1q44	0.635550163267634	0.63704342844423	0.3978897095455	NA	NA	NA	NA	NA	NA	0.717992013664584	0.718562464678436	0.510835184188828	NA	NA	NA	NA	NA	NA	0.34181432082064	0.346624196617281	0.425557551926182	NA	NA	NA	NA	NA	NA
Amp_2p24.3	NA	NA	NA	NA	NA	NA	NA	NA	NA	NA	NA	NA	NA	NA	NA	NA	NA	NA	NA	NA	NA	NA	NA	NA	NA	NA	NA
Del_2q22.1	NA	NA	NA	NA	NA	NA	NA	NA	NA	NA	NA	NA	NA	NA	NA	NA	NA	NA	NA	NA	NA	NA	NA	NA	NA	NA	NA
Del_2q37.1	0.523716440187566	0.525037184232858	0.475614882960466	0.75243217445289	0.753103953570252	0.51662314823671	0.560783309514871	0.562742082710228	0.550627347230423	0.735774919951212	0.736406469030879	0.206640338767551	0.64244712383056	0.643749879906103	0.415162108172187	0.841423071642513	0.841528332780836	0.779157902459829	0.935644504471969	0.935814952269882	0.488805513544828	0.866296282132824	0.866926440352695	0.855936742955294	0.767321382571923	0.767524192961112	0.854666033418438
Del_3p21.31	0.199634078442619	0.207820268900397	0.186503971249961	0.383194175175675	0.384347164777855	0.0814312173556518	0.85220978174741	0.85230154150458	0.375888085759083	0.155285015191404	0.164596346553941	0.131515649689805	0.867857896903798	0.865038565705092	0.380795649479558	0.534431423512848	0.538074280721577	0.84469999419725	6.78289871863802e-05	0.000210052252214179	6.7119938106846e-15	0.339914934762908	0.342861477452147	0.299834098035492	0.198807466482134	0.206178538569206	0.263851515588461
Del_3q13.31	0.433661783673874	0.437386373443805	0.497160925509436	NA	NA	NA	NA	NA	NA	0.290702715136103	0.297435661483745	0.272328854456032	NA	NA	NA	NA	NA	NA	0.117798446098496	0.123046490307172	0.0160050712472996	NA	NA	NA	NA	NA	NA
Amp_3q26.33	NA	NA	NA	NA	NA	NA	NA	NA	NA	NA	NA	NA	NA	NA	NA	NA	NA	NA	NA	NA	NA	NA	NA	NA	NA	NA	NA
Del_3q29	0.0174842812333171	0.0221032872854843	0.00917186278650596	0.0903003857288291	0.0980201862390925	0.0137123529390369	0.673546828894046	0.674237684150988	0.921954716836409	0.149513982326954	0.157756496968381	0.198353749753101	0.233757682069969	0.241961144420628	0.0690297046773831	0.99505592564359	0.995055929140447	0.98625272042945	0.438522778827979	0.440261899245417	0.389208016007099	0.102545297503036	0.106665941685284	0.0259755674503436	0.660246363231654	0.660803271217914	0.912498093565483
Amp_4p16.3	NA	NA	NA	NA	NA	NA	NA	NA	NA	NA	NA	NA	NA	NA	NA	NA	NA	NA	NA	NA	NA	NA	NA	NA	NA	NA	NA
Amp_4q12	0.0190483089459269	0.0267671604288226	0.000442463536332898	NA	NA	NA	NA	NA	NA	0.00781515689028445	0.0133409794631517	1.14522565409827e-05	NA	NA	NA	NA	NA	NA	0.448134762243826	0.449739456718736	0.355124016566321	NA	NA	NA	NA	NA	NA
Del_4q34.3	0.431276780454065	0.433832664185422	0.534837484337524	0.724784213093277	0.725561572625079	0.564646957897001	0.650603655015731	0.65126594013351	0.208275619535033	0.144002711334572	0.15142004929857	0.147904513154632	0.892180409517008	0.891582683953229	0.350890072919171	0.378232927850547	0.382753036281613	0.150361533401621	0.46617506038708	0.466914632379064	0.451427084056231	0.946774005111567	0.946499253644336	0.96992513415916	0.512637111234271	0.513795759974559	0.543189507175013
Del_5p15.33	0.872652204170326	0.870959605082199	0.636256875205627	0.996287611102552	0.996287612854971	0.702266835793401	0.863856232007309	0.86396586360109	0.639923144371217	0.676635100620061	0.675264390927417	0.976639010369911	0.795115235967001	0.795695095583279	0.481840609039429	0.645078130910691	0.648442599741247	0.944945727496425	0.08566945253125	0.0904602103041668	0.0103762588877676	0.264656710756844	0.272867856089368	0.342521570780096	0.0592822808493116	0.0749626590826749	0.0888675775166585
Amp_5p15.33	NA	NA	NA	NA	NA	NA	NA	NA	NA	NA	NA	NA	NA	NA	NA	NA	NA	NA	NA	NA	NA	NA	NA	NA	NA	NA	NA
Del_5q34	0.0826497231364862	0.0875576211253016	0.0882862930951296	0.0929950136258739	0.103578165454876	0.0396170097734004	0.847231796928312	0.847317171067787	0.722372341243642	0.136463740302287	0.141682812617383	0.119602796452304	0.445371199495922	0.45155877422923	0.578521960403262	0.741056858437941	0.741761750800276	0.171303156715616	0.572682605884207	0.572911475533282	0.419208239240613	0.236604854945179	0.245688573120536	0.217361675489056	0.211710177686447	0.223125954653782	0.163016320049123
Del_6p25.3	0.833046911187785	0.834310678838092	0.196202078010824	0.0172134195662159	0.0270495991687284	1.89403972106786e-05	0.0393686128758657	0.0564516289561478	0.0721944440469888	0.701669844649063	0.703260152547875	0.146462214938298	0.00864459264285888	0.0163325198831236	9.25512845086291e-07	0.0127999881016623	0.0258536127849702	0.0266051270072183	0.42927454850622	0.430602196810723	0.65431919231586	0.191838505600397	0.198766664662826	0.0606689320908023	0.485436181423252	0.487749293725778	0.325904641984383
Del_6q22.31	0.834662094357352	0.835242122591571	0.473071991961037	0.513854266449966	0.516401824543961	0.625181435142258	0.537463351194066	0.540287798117743	0.539738003168637	0.901549818567403	0.9021777014861	0.594416519248527	0.821890236909362	0.822575806972946	0.999458152487685	0.704074289139878	0.705048004541029	0.435190231699192	0.0438771527759283	0.0460872294715607	0.0114309433910797	0.313269670588996	0.318527166386766	0.469821478772995	0.0874783921187853	0.0983005179397022	0.0796417569056129
Del_6q26	0.459355816083844	0.461896169698856	0.928095872152679	0.765573345193183	0.766108936566629	0.780359779192436	0.693951537946771	0.694862890400502	0.943566675730166	0.311682078579092	0.32191745487906	0.738563119863782	0.995693816644479	0.996056836843824	0.955722632859366	0.53915700507069	0.544120397043148	0.899003251162551	0.0761430112534782	0.0790702944514217	0.0231934675051623	0.854722114594717	0.854629512740348	0.87593707892021	0.191600838754217	0.198436286741914	0.320069852691478
Amp_7p11.2	0.0853700352173932	0.0920250996014354	0.0250012182326082	0.320622282723406	0.330480016340398	0.00365320826250097	0.0321314903040677	0.0596137295433443	0.0708056594383238	0.126040148014884	0.133586240183688	0.0497446978649185	0.379519809190924	0.387171061260244	0.00570467040800391	0.0408217336403628	0.0704262846044423	0.0889542777251775	0.00806070637192047	0.00960145991131576	0.000304140774074129	0.864247265266747	0.864432160559204	0.769187643968796	0.123844894345581	0.133735820751288	0.199409633177992
Amp_7q11.21	0.0662609744055499	0.0728686296704286	0.0257021999260797	NA	NA	NA	NA	NA	NA	0.101969630395929	0.109775444530594	0.0523478166241512	NA	NA	NA	NA	NA	NA	0.00133882644186534	0.00187704111365105	1.46641667883728e-05	NA	NA	NA	NA	NA	NA
Amp_7q21.2	0.195270779286961	0.199019028098944	0.211029962486181	0.4538322235336	0.456823491486411	0.103181892479409	0.125068447750737	0.132408192561945	0.134898563409159	0.14942983142703	0.154216268358561	0.118032231856751	0.686748223326665	0.688677234393865	0.145535719694979	0.165963565016738	0.173026498730962	0.191313482644347	0.0258069911153826	0.0279003003980865	0.00548437024130311	0.4302378049888	0.431558348838034	0.961643213682616	0.279181550801469	0.281848207790781	0.0889876058283793
Amp_7q31.2	0.259271794845026	0.262139831298368	0.357015686578207	0.660170394040465	0.662014895814508	0.170249478422044	0.192135199863694	0.197621021444988	0.225653841147087	0.18025277780008	0.184414386586778	0.184965007593648	0.942160065753943	0.943972308746941	0.249248502777421	0.25823815799148	0.262804010602965	0.306920298139883	0.0154167086191909	0.0169925261781832	0.00360894506820299	0.52029461825986	0.521190808943962	0.958031993134576	0.197821663774537	0.201182134118888	0.0744917341966587
Amp_7q32.3	0.567404705853115	0.567977451293372	0.989908492187041	0.951634217772318	0.953217546412376	0.155303235080075	0.79574354128028	0.795851365406193	0.587137663883616	0.432289148084101	0.433736696519502	0.662464229456269	0.742554569928591	0.741043722283448	0.242035125972869	0.936182646579917	0.936186051591606	0.723086752858387	0.0739675897584033	0.0761249115912102	0.0396687784836211	0.401893156213526	0.403366847184102	0.956546064201028	0.526147285064374	0.525826719049949	0.152939992374043
Del_8p23.2	NA	NA	NA	NA	NA	NA	NA	NA	NA	NA	NA	NA	NA	NA	NA	NA	NA	NA	NA	NA	NA	NA	NA	NA	NA	NA	NA
Amp_8q24.21	0.660924900033222	0.66127858075932	0.662766393434154	0.892212034132556	0.892984294769414	0.632858301960735	0.539925047338813	0.541230183151278	0.965077121082989	0.678103742016532	0.67844657869638	0.729543712616316	0.920464351635444	0.919570500926489	0.781589915765104	0.740649312575874	0.740912095327673	0.979796476554633	0.459067758151365	0.46017164531061	0.341253006109682	0.755014799692655	0.7549911765236	0.624704654605906	0.595672756323233	0.596164055457703	0.553561172795481
Del_8q24.3	NA	NA	NA	NA	NA	NA	NA	NA	NA	NA	NA	NA	NA	NA	NA	NA	NA	NA	NA	NA	NA	NA	NA	NA	NA	NA	NA
Del_9p21.3	1.44496565792629e-05	4.91520006633807e-05	0.0482204346723079	0.0405780004971513	0.0449451717031928	0.230736603988101	0.129385944343381	0.134796012401281	0.825675368926316	7.16023162516954e-06	3.34982549977009e-05	0.0337807758501388	0.0133283741641901	0.016560328952711	0.060486991032244	0.184253731621074	0.18913612762061	0.931651943726455	0.303210914165963	0.304750496297667	0.836938947347383	0.073991817472566	0.0767150924211905	0.200883441848856	0.579781407844986	0.580325367240415	0.297485286961551
Amp_9q34.3	0.0014430876172955	0.00389670080487591	1.41639967994481e-07	0.413973504863359	0.417887434119292	0.30926989891365	0.14005578721492	0.159066652694241	0.645866652902695	0.000487408897248298	0.00190199747697353	1.80978928742752e-09	0.59432307298637	0.596318856358034	0.510233431439614	0.0788991443678007	0.104475520785733	0.512604471925886	0.0278424129750936	0.0333102572848578	0.00331168401088359	0.368071353337189	0.37137917860682	0.479786622763829	0.00675780480601107	0.0158823387899158	0.0329913413893077
Amp_10p15.1	0.361678503335206	0.364451809538205	0.314873849367508	0.263754649465729	0.265963959131687	0.0840155597780285	0.715042140553311	0.715400807329778	0.338234890548186	0.34618034881614	0.350286166083712	0.356911425808736	0.211829261205641	0.215158815665752	0.0749117879788103	0.83038696011902	0.830475470419828	0.487876892201904	0.736237114395846	0.73688009156799	0.629196806153921	0.734154024563741	0.734806588963069	0.363648502489738	0.917084012494641	0.917090246958339	0.772620961493181
Del_10p15.3	NA	NA	NA	NA	NA	NA	NA	NA	NA	NA	NA	NA	NA	NA	NA	NA	NA	NA	NA	NA	NA	NA	NA	NA	NA	NA	NA
Del_10p13	NA	NA	NA	NA	NA	NA	NA	NA	NA	NA	NA	NA	NA	NA	NA	NA	NA	NA	NA	NA	NA	NA	NA	NA	NA	NA	NA
Del_10q23.31	0.00780052982000612	0.0122829277521617	0.000190700826329675	0.0574034206208356	0.0656920455716068	0.0200957933923648	0.489842505300133	0.493693547651767	0.838055055882802	0.00385756582801666	0.00715150980988034	1.1798194825577e-05	0.0319118901981165	0.0394077633770893	0.00519440816649033	0.489842505300133	0.493693547651767	0.838055055882802	0.0777864213148587	0.0838124523982865	0.0545503540834765	0.214213130015258	0.218977834565111	0.641194101986852	0.267927832878259	0.276702473046875	0.317438874621598
Del_10q26.3	0.0163447479103227	0.0196271486425708	0.262444885470573	0.695273415089455	0.696114655075093	0.83267034769076	0.23807312940314	0.246039311918852	0.47118443030312	0.0113357714064916	0.0144916327662774	0.28822770922734	0.53616916586903	0.538154683182945	0.987371132996356	0.258402540032087	0.266185457049229	0.509805999536646	0.00759494842744268	0.00908749755255818	0.0455561076759808	0.968994067711032	0.968720020723689	0.53153169485665	0.0672969571351867	0.0739356908572573	0.0608681730071119
Del_11p15.5	0.000644285032558756	0.00103341073066055	0.000407518464279054	0.000193846365846073	0.000493439378406858	8.7859010447288e-05	0.783599601331465	0.787892346810444	0.976586652816206	0.000513152906864156	0.000910271462160783	0.000562770379467482	0.00167361374440211	0.00307149654032798	0.00160974797566064	0.754454353567102	0.750493722993159	0.718892315761613	0.105414701246381	0.107824613802749	0.306902700064646	0.125066320923773	0.128490099617078	0.423622434257996	0.952568564425501	0.952569364556786	0.840541830957774
Del_11p15.1	0.00378874258726358	0.00497708038291693	0.00052879458519731	0.0101596126402386	0.0144332847927396	0.00391505315882924	0.795668321538116	0.79579858177707	0.477666843963602	0.00443766965633463	0.00599481587246682	0.00146524830894321	0.143594397701291	0.153444491167035	0.318044228224418	0.600061603207963	0.601420302426322	0.267591114617019	0.0977838819856401	0.100320260659336	0.135187665993826	0.75303481728315	0.753505444210235	0.571864533786702	0.642004723244149	0.642679345147068	0.388084676531698
Amp_11p13	NA	NA	NA	NA	NA	NA	NA	NA	NA	NA	NA	NA	NA	NA	NA	NA	NA	NA	NA	NA	NA	NA	NA	NA	NA	NA	NA
Del_11p11.2	0.000450004624081957	0.00082481396988219	1.80437371843888e-06	0.0374891365062908	0.045410602363034	0.0669667429098224	0.744444051323441	0.74474612046723	0.238104172920134	1.15345457788463e-05	5.58265206263859e-05	5.26602571028936e-09	0.0947754765085901	0.10564843745584	0.231325343611791	0.31194649993807	0.318582718230869	0.173351260128386	0.0802030327039408	0.0829632797228117	0.0659270027541779	0.375862977053798	0.37868202317079	0.85727545333959	0.767093976126097	0.76729148399971	0.560836057613583
Amp_11q24.1	0.11925447392996	0.126434472142016	0.427971923988221	0.978147761731879	0.977558260093002	0.886376262721931	0.275685570695556	0.283913454038492	0.966690459681903	0.0789498095150744	0.0864787760063499	0.594542906792706	0.832333476609316	0.83178569537911	0.993495542285537	0.173490335947165	0.185801818767953	0.853674849153626	0.0497126070142063	0.0538640792552836	0.150157688316313	0.922738074263115	0.923150826534787	0.71018618070283	0.0736801867963991	0.0808624338722431	0.247718153700178
Amp_12p13.32	0.00790628726548803	0.00973996347080607	0.00554385934167137	0.764246760362356	0.768057405319321	0.994657047991148	0.0768907935193202	0.0887864961737834	0.172986496023255	0.00465128123188208	0.00647589570123021	0.00332767579390254	0.973130124540459	0.977340813154424	0.735339659511767	0.0610017244572801	0.0732981667380183	0.196445914161038	0.0867425239063953	0.0898952667637259	0.0239259778817021	0.65103397709531	0.651775333061402	0.536817935341675	0.150980749372623	0.155760065285454	0.211365142020132
Del_12p13.1	NA	NA	NA	NA	NA	NA	NA	NA	NA	NA	NA	NA	NA	NA	NA	NA	NA	NA	NA	NA	NA	NA	NA	NA	NA	NA	NA
Del_12q12	0.986673495134133	0.986320687403161	0.957958438925967	0.525443904414572	0.526795405793056	0.430803093622058	0.481423748034133	0.485370866284879	0.65868545710109	0.97063130829177	0.971057699680366	0.938572660605418	0.963190235703072	0.963608402386614	0.788797979256728	0.919413610642523	0.919430297058369	0.999927769729051	0.475124680851925	0.47533528950347	0.466028020618984	0.450646899254965	0.452323337565119	0.438378147308079	0.913307692342465	0.918750162321432	0.75438140345336
Amp_12q14.1	0.0421676691360102	0.0516908098725095	0.00301198803686467	NA	NA	NA	NA	NA	NA	0.0271699696525576	0.0358174758106169	0.000533793129750882	NA	NA	NA	NA	NA	NA	0.338226322111003	0.342249297797988	0.456865003758703	NA	NA	NA	NA	NA	NA
Del_12q15	0.27441380059989	0.283149894000133	0.206392559972248	0.861288179720724	0.861711734315421	0.695290989990483	0.538447882150444	0.541894816187013	0.55912382060742	0.228737931581178	0.239030028379359	0.14541994693705	0.677182775017372	0.677355375924982	0.939361499550338	0.157447180195014	0.181684401278035	0.17770440865781	0.410382376138462	0.412204537745215	0.217943057787432	0.977219636607988	0.977420967512777	0.917568998541496	0.535592415094314	0.537700842774341	0.625908299570569
Amp_12q15	NA	NA	NA	NA	NA	NA	NA	NA	NA	NA	NA	NA	NA	NA	NA	NA	NA	NA	NA	NA	NA	NA	NA	NA	NA	NA	NA
Del_13q14.2	0.126500973729366	0.131835283650129	0.0954510447806914	0.286557430216531	0.288967003841094	0.470365579772202	0.585849678850623	0.58673649018523	0.154500773573502	0.0714932160030699	0.0771449698209215	0.0425744486106792	0.24759203698965	0.250988177472705	0.480785698435295	0.471235490532984	0.473236158035424	0.0718367902182587	0.59245293368584	0.593153074810958	0.342988191338536	0.389566918679839	0.390593107977418	0.641384647166865	0.945944723369449	0.945946206638252	0.337904443836424
Del_13q22.1	0.131682725654212	0.13662034278263	0.0736307142738278	0.339674851343189	0.341850855368104	0.39875690632023	0.651849897974769	0.652372239006166	0.21017769230428	0.0749864789726559	0.0802694687212303	0.0308828311692583	0.294158738177637	0.297343674852107	0.392631604266801	0.501651234769645	0.503355479978307	0.0963778230603866	0.533370064876137	0.534219799772856	0.268435678393037	0.44085150479369	0.441670857091949	0.647958686320818	0.96567775228128	0.965678096502361	0.239470097372314
Amp_13q34	NA	NA	NA	NA	NA	NA	NA	NA	NA	NA	NA	NA	NA	NA	NA	NA	NA	NA	NA	NA	NA	NA	NA	NA	NA	NA	NA
Del_14q13.1	NA	NA	NA	NA	NA	NA	NA	NA	NA	NA	NA	NA	NA	NA	NA	NA	NA	NA	NA	NA	NA	NA	NA	NA	NA	NA	NA
Del_14q24.2	0.214719129301293	0.218409034135048	0.155132921701294	0.607213910799612	0.608407230025521	0.471542082857599	0.553271564722293	0.554883350585034	0.946104214798506	0.0511751470223867	0.0560752744159615	0.0348543988799265	0.318811532788489	0.323796258117737	0.253653586897	0.806839000697458	0.806971795673875	0.817341101536211	0.538713585744464	0.538837991983852	0.460839613117358	0.146003469676406	0.149172765897694	0.154955117141879	0.471349272901697	0.472769172361768	0.630683590502554
Del_14q31.3	0.339470230173809	0.342016962143432	0.314470058071481	0.829403858439984	0.829917845494114	0.775710052705865	0.475906326661228	0.478237850775093	0.906446811807614	0.0946451596574731	0.0998585227739412	0.107565810110105	0.476241583487683	0.478334111419835	0.483263544422099	0.677693918137873	0.678261356454846	0.786323526965093	0.547773219645158	0.547877693699434	0.611215212241447	0.0146536534509577	0.0165673976650207	0.00686914651844507	0.179692670444338	0.183714352476085	0.221427502606837
Amp_14q32.33	NA	NA	NA	NA	NA	NA	NA	NA	NA	NA	NA	NA	NA	NA	NA	NA	NA	NA	NA	NA	NA	NA	NA	NA	NA	NA	NA
Del_15q14	0.071236698999266	0.0777230640338331	0.0134147518520145	NA	NA	NA	NA	NA	NA	0.14425329608349	0.151348041994098	0.0510557034268835	NA	NA	NA	NA	NA	NA	0.304142944100469	0.306214431699477	0.323095056260296	NA	NA	NA	NA	NA	NA
Del_16p12.2	0.46188979738794	0.462827727437363	0.673683151883221	NA	NA	NA	NA	NA	NA	0.369516254482695	0.372599181144892	0.972478873782955	NA	NA	NA	NA	NA	NA	0.196359540140048	0.201318584695114	0.413757987255628	NA	NA	NA	NA	NA	NA
Del_16q23.1	NA	NA	NA	0.408682891732088	0.410025697718159	0.432548554168906	NA	NA	NA	NA	NA	NA	0.328604633799501	0.331602921087146	0.321560353329039	NA	NA	NA	NA	NA	NA	0.538278530372466	0.539831607458442	0.679674489730526	NA	NA	NA
Amp_17p13.2	NA	NA	NA	NA	NA	NA	NA	NA	NA	NA	NA	NA	NA	NA	NA	NA	NA	NA	NA	NA	NA	NA	NA	NA	NA	NA	NA
Del_17p13.1	NA	NA	NA	NA	NA	NA	NA	NA	NA	NA	NA	NA	NA	NA	NA	NA	NA	NA	NA	NA	NA	NA	NA	NA	NA	NA	NA
Del_17q11.2	NA	NA	NA	NA	NA	NA	NA	NA	NA	NA	NA	NA	NA	NA	NA	NA	NA	NA	NA	NA	NA	NA	NA	NA	NA	NA	NA
Amp_17q25.1	NA	NA	NA	0.701321590444683	0.701709254564199	0.757980963581317	NA	NA	NA	NA	NA	NA	0.834624395548121	0.834394461927498	0.925182354211887	NA	NA	NA	NA	NA	NA	0.72764504304832	0.72829575367972	0.759482884673148	NA	NA	NA
Del_18q23	0.252459764432499	0.259604197211767	0.213339021893115	0.446865957051447	0.449692649111938	0.0689986574733246	0.482333588801376	0.48662327994585	0.500609310657089	0.163653384558078	0.173051514127032	0.0888628797195228	0.323375687795468	0.328203760519072	0.108032970194152	0.482333588801376	0.48662327994585	0.500609310657089	0.279791571622378	0.285690066566802	0.259130161532436	0.315000833670447	0.318474318856509	0.159834965475256	0.820538067352056	0.820690316318444	0.963131053912447
Amp_19p13.3	NA	NA	NA	0.456644224844662	0.459914123586694	0.807493756953777	NA	NA	NA	NA	NA	NA	0.307978272940395	0.314190265209026	0.484211658582729	NA	NA	NA	NA	NA	NA	0.0102901692323963	0.012450301161577	1.46169589861335e-05	NA	NA	NA
Amp_19q12	NA	NA	NA	NA	NA	NA	NA	NA	NA	NA	NA	NA	NA	NA	NA	NA	NA	NA	NA	NA	NA	NA	NA	NA	NA	NA	NA
Amp_19q13.2	NA	NA	NA	NA	NA	NA	NA	NA	NA	NA	NA	NA	NA	NA	NA	NA	NA	NA	NA	NA	NA	NA	NA	NA	NA	NA	NA
Del_19q13.41	0.31630371869278	0.317577374532433	0.200738647659074	0.95439871808614	0.954399521379919	0.872873782107749	0.670519133845292	0.670945252891777	0.560719751316121	0.298599074243882	0.30034809274613	0.261839805194698	0.947253777112713	0.947255357864262	0.986423913612158	0.614619933321951	0.615492130015965	0.632360897652348	0.0616394653639085	0.0639287847744906	0.0732169905883285	0.498781323055563	0.499460047638761	0.488152811120702	0.452722308657413	0.454321518398273	0.447359831837906
Del_19q13.43	0.181316836354091	0.183818032813901	0.103452653656885	0.504386535150973	0.505359131839295	0.375269445687542	0.886364214216177	0.886379413098185	0.898960027590343	0.263190922764544	0.265292153615572	0.207479325612458	0.63009396616549	0.630634920649303	0.66445917639676	0.928801645342977	0.928806746353898	0.900289874571193	0.258935842298181	0.260372730852752	0.303529430069285	0.686332477400418	0.686522470199863	0.901345110935194	0.198675373080724	0.202715419823738	0.326259583895598
Del_22q13.32	0.800466418983808	0.801033740684341	0.774279906684495	0.128778756575526	0.134826451148392	0.753387733593031	0.490311674358776	0.493632486003104	0.926511417340653	0.862635876572582	0.863133771681273	0.806925266458826	0.0175569106821946	0.0229158946371547	0.246000316058608	0.243358642423756	0.254812874324888	0.79123899967188	0.492518395201336	0.494607018428048	0.866403959300617	0.0773072087615179	0.081724855304785	0.631116680798737	0.192812256244103	0.202715751135234	0.201274126404719
