clonal wt1	clonal wt2	clonal wt3	subclonal wt1	subclonal wt2	subclonal wt3	clonal subclonal1	clonal subclonal2	clonal subclonal3	clonal wt1	clonal wt2	clonal wt3	subclonal wt1	subclonal wt2	subclonal wt3	clonal subclonal1	clonal subclonal2	clonal subclonal3	clonal wt1	clonal wt2	clonal wt3	subclonal wt1	subclonal wt2	subclonal wt3	clonal subclonal1	clonal subclonal2	clonal subclonal3
Del_1p36.32	0.536706311818921	0.537787520411754	0.44472891994685	0.529147392858787	0.528715103370525	0.721789291879266	0.862723092925196	0.862733674968527	0.635712899180357	0.772457831925751	0.773532536774776	0.347079415599619	0.490957648283398	0.490492507680396	0.784450569864576	0.603733800784658	0.604006772617462	0.443380462749036	0.889246899183582	0.887340333005391	0.370154648957669	0.863096339204206	0.86302140123911	0.348672967644157	0.836736106324199	0.837944058521526	0.994106904594713
Del_1p36.23	0.502092655074038	0.501785175619715	0.0925261842377365	0.53194262829949	0.530335118406234	0.682222965846187	0.335484398446359	0.336537306483982	0.392447373152505	0.547704020932249	0.547413716095986	0.131750188210376	0.568235682011994	0.566186121433228	0.679092823619791	0.38649141423254	0.387399040247303	0.504045070700851	0.953999951635222	0.956794248404206	0.406490340663948	0.758866506622829	0.759895972345274	0.281847233877291	0.686014677977716	0.685222614733846	0.68514673287201
Amp_1p36.21	0.663603991934995	0.665118499576465	0.697395032806664	0.63696354850447	0.636765117459373	0.632989684903639	0.754808595471231	0.74729075283871	0.521130389866577	0.527395145920674	0.528817195800247	0.837524266664148	0.441137935616737	0.441031343446531	0.984061533339866	0.859269645609525	0.870719442156358	0.860044511362795	0.370914598577038	0.372219333778293	0.355177428216611	0.47703199862175	0.477824077745394	0.288835675657497	0.897934021195052	0.897241387072958	0.396284452623868
Del_1p32.3	0.313060534071237	0.310931086331319	0.245620425814674	NA	NA	NA	NA	NA	NA	0.345760953925199	0.343040243937871	0.290310763298133	NA	NA	NA	NA	NA	NA	0.642656592302894	0.639583893450425	0.875716368299216	NA	NA	NA	NA	NA	NA
Del_1p22.1	0.348991265421529	0.348182463819216	0.786310846930269	NA	NA	NA	NA	NA	NA	0.381437100293191	0.379654697757914	0.826385423893143	NA	NA	NA	NA	NA	NA	0.988516586591274	0.992279058232742	0.712881791292917	NA	NA	NA	NA	NA	NA
Amp_1q22	0.926891872494642	0.923493662092671	0.62382054096179	0.834244885620698	0.832533226462034	0.999460958388169	0.640416522366301	0.64225539158804	0.440152449157236	0.589485625743844	0.587571984326992	0.830783793095446	0.987550678237468	0.98595955633086	0.765639148412963	0.989201463853391	0.990686637568028	0.878626591417271	0.620024427593891	0.619677657228464	0.781926580599272	0.171172153186514	0.174726037896701	0.374110923347921	0.293598595953615	0.297852191509225	0.329669745512432
Amp_1q32.1	0.983789798641897	0.980582893403641	0.707510377171992	0.267833734908978	0.268713848880913	0.210703005295726	0.258525329472592	0.260385956026101	0.0704619530866776	0.804997715275431	0.802308663623247	0.849682058212655	0.215883839200049	0.217997766322062	0.196924301337345	0.325155782195466	0.326760689829601	0.204054839658462	0.502467016687614	0.501241101325762	0.535093872505189	0.201202510873033	0.203081904329799	0.254592096837405	0.316739824283941	0.316607872290302	0.337667879731972
Del_1q42.11	0.856393823038997	0.85925433141981	0.571660676711158	NA	NA	NA	NA	NA	NA	0.912232706473373	0.9164834995455	0.640826776704139	NA	NA	NA	NA	NA	NA	0.606290360661491	0.607472496087321	0.752007783881649	NA	NA	NA	NA	NA	NA
Amp_1q44	0.956623184128616	0.957352052142339	0.741808708237038	0.865426715676294	0.867451447358161	0.596852858803844	0.856574322639532	0.856598211991052	0.703910797316906	0.813341811856458	0.813052186513108	0.893978283468634	0.948640513720761	0.950277762253974	0.60779597113725	0.95548863942251	0.95548964327356	0.587425592337588	0.542532904015307	0.54189093897272	0.55700243100943	0.323470745029585	0.326006892056609	0.565716823981354	0.176420097272056	0.176614386191851	0.574648941178889
Del_1q44	0.258565079203188	0.261823365244252	0.483993019844327	NA	NA	NA	NA	NA	NA	NA	NA	NA	NA	NA	NA	NA	NA	NA	0.641924944502721	0.64165135232994	0.90530062378316	NA	NA	NA	NA	NA	NA
Amp_2p24.3	0.624034859300981	0.627331225662831	0.448479662657608	NA	NA	NA	NA	NA	NA	0.249742277390768	0.2544504204874	0.0544368803542079	NA	NA	NA	NA	NA	NA	0.941977836045926	0.941542144134684	0.728607297738223	NA	NA	NA	NA	NA	NA
Del_2q22.1	0.641809426829568	0.639071897271575	0.76238431328662	0.208643812587487	0.212886267057913	0.110549886109276	0.534572436731325	0.535611935965403	0.496578475573161	0.473526926420649	0.471213685469913	0.569653015070354	NA	NA	NA	NA	NA	NA	0.714669505113628	0.716184974955269	0.409391747517235	0.516176015605001	0.517163474184035	0.480606684837578	0.759985210922093	0.772938027958324	0.823926451712135
Del_2q37.1	0.985096786325964	0.983385486817222	0.933047901994247	NA	NA	NA	NA	NA	NA	0.723476455815419	0.72608423409202	0.638450354139217	NA	NA	NA	NA	NA	NA	0.695073469260423	0.69265229743897	0.760522404840845	NA	NA	NA	NA	NA	NA
Del_3p21.31	0.499296106287754	0.498864048605154	0.590246874875378	NA	NA	NA	NA	NA	NA	0.401153025984925	0.40231174243361	0.351633625721923	NA	NA	NA	NA	NA	NA	0.169322557804005	0.17241274312245	0.24340823637168	NA	NA	NA	NA	NA	NA
Del_3q13.31	0.907246748781158	0.907840080931919	0.628018411514825	NA	NA	NA	NA	NA	NA	0.695333902446359	0.694692285420052	0.497941204243267	NA	NA	NA	NA	NA	NA	0.263239949919834	0.264765807534575	0.269058137235819	NA	NA	NA	NA	NA	NA
Amp_3q26.33	0.865045457174415	0.863704795081188	0.811450746693807	0.456754241070311	0.458699785213663	0.097930850307309	0.614042211757962	0.614495713710876	0.352858524293551	0.187213995061618	0.188607560878913	0.0801625596413481	0.353819527462766	0.356040134935711	0.0810403549523728	0.0640900429659179	0.0694374339899716	0.0293642633924807	0.541706551684074	0.53975210617863	0.527116784544172	0.638562659570518	0.640143479159321	0.396321780667638	0.282599807954623	0.286932780880428	0.163023119666936
Del_3q29	0.0939335599983818	0.0959416040390083	0.146538427613902	NA	NA	NA	NA	NA	NA	0.118731069826482	0.121337027178609	0.144487216614932	NA	NA	NA	NA	NA	NA	0.0965797605037304	0.0985737556631325	0.173966749823025	NA	NA	NA	NA	NA	NA
Amp_4p16.3	0.675501398950333	0.672896189630722	0.648445136003818	NA	NA	NA	NA	NA	NA	0.85932854151027	0.855428604167628	0.802687182060677	NA	NA	NA	NA	NA	NA	0.793531090557107	0.793874848276371	0.834667038884268	NA	NA	NA	NA	NA	NA
Amp_4q12	0.349981668739723	0.35331412480578	0.987492735135488	0.316858933188079	0.319523989540644	0.404630707277361	0.947689011201001	0.941544814898048	0.550083107530198	0.276769715997462	0.280838793909608	0.818258254040512	0.410744379757231	0.413979465113991	0.548068420209061	0.803920462105853	0.798329538998276	0.574647652940969	0.0460127909577737	0.0473654635475684	0.0715350064553777	0.138385892237288	0.140707771177303	0.128922549158102	0.984524901019396	0.996382009376821	0.646589529567553
Del_4q34.3	0.744054343698085	0.742344306066695	0.939810430303929	0.165110471505153	0.168996228955153	0.475922578875638	0.180339388928049	0.182552451585577	0.519405576346142	0.665832489302703	0.663755660156677	0.834232439125418	0.221121054512914	0.225767504118012	0.522471634024454	0.185738738489141	0.190164757991901	0.392527758079995	0.578680448947225	0.578501287826228	0.625355769869942	0.586831296223749	0.58681780948441	0.819750417967444	0.524853655854255	0.524934739401442	0.850881605638132
Del_5p15.33	0.980901490174516	0.99030278070278	0.537793889177298	NA	NA	NA	NA	NA	NA	0.98889491583705	0.978407886910259	0.632417856344871	NA	NA	NA	NA	NA	NA	0.264159510527257	0.266864113576828	0.24305130083984	NA	NA	NA	NA	NA	NA
Amp_5p15.33	0.140835270041523	0.144974423351154	0.0447252998115356	NA	NA	NA	NA	NA	NA	0.204129113096975	0.207889140125061	0.100143005267181	NA	NA	NA	NA	NA	NA	0.0346801832842446	0.0386336765012954	0.00237423536129623	NA	NA	NA	NA	NA	NA
Del_5q34	0.222711201094986	0.220197030503365	0.625161889409415	0.912600733271585	0.911950803205389	0.851244360409273	0.238089068908328	0.240836236960067	0.43275292004397	0.18447971174628	0.181722092342842	0.399519089371983	0.992854297327632	0.99201446528316	0.811407769087795	0.216579915596364	0.220438426674136	0.345454467916071	0.605748359962017	0.606160502899495	0.194722057319527	0.440411282388819	0.44087270084909	0.362678173436238	0.716034545821405	0.711705844511101	0.686447066508264
Del_6p25.3	0.979945599917436	0.972665398736331	0.240507356976582	0.00297586561622087	0.00392483637511013	3.68478390334319e-06	0.00600147305010468	0.00788944069634451	0.256433410129369	0.839819890265787	0.831965441291171	0.203059817232307	0.00331410452928194	0.00440757285575054	1.9390139687528e-06	0.0130830868135093	0.0160890080433924	0.581989529881569	0.227423966488666	0.227372227195463	0.0517115575304753	0.00986366170483099	0.011478554003851	6.771997047608e-05	0.0811589319654274	0.0864951275340215	0.372373236844692
Del_6q22.31	0.0726820834185493	0.0735453803575528	0.161563178328046	0.470944015144978	0.474809866421195	0.776606495725347	0.94816455917325	0.937391141379922	0.754041056429639	0.0906868170222666	0.0917970426852139	0.162317369777185	0.35502474430657	0.360114330291799	0.978758704975138	0.85611298058168	0.867851778476537	0.99964217774236	0.39181199790088	0.392025264197495	0.665353038970352	0.214977063790186	0.215428364558758	0.536123733680404	0.460517867226216	0.459816706870764	0.633607041638369
Del_6q26	0.485427715370828	0.485220656085034	0.591541200142364	0.124032568846197	0.126589973376239	0.23115070046211	0.439974974281549	0.443957472591183	0.908499303241925	0.357934082371397	0.358078041337563	0.400554871338448	0.112438338966546	0.115494769033723	0.162477060246201	0.522744999343995	0.528650968851721	0.998928415836472	0.869646938456416	0.869167582752653	0.773737888072797	0.0472747418551143	0.0483790485883458	0.0485590971932726	0.050505252892161	0.0528870466664956	0.074669812492253
Amp_7p11.2	0.636475995163317	0.637257899538977	0.344393464618977	0.991696705661839	0.994607809839135	0.648362831092275	0.784386783614663	0.782492150973812	0.131008526979665	0.670481516701538	0.671158454969979	0.459218553892597	0.437624311235393	0.440264199492006	0.853825293176772	0.697976659567756	0.700094480349826	0.511017315621736	0.256177184841781	0.255687417417869	0.233528387716968	0.732582649448658	0.731600427204244	0.768091702476046	0.701078813411974	0.698713729782052	0.38083952375005
Amp_7q11.21	0.945432653439804	0.942595097457913	0.534976986492001	0.995831754149492	0.991879986273302	0.311271271766919	0.963120400778699	0.95720479077995	0.357624085422163	0.563006755296657	0.559866030584149	0.964448394155993	0.480384874105748	0.483099308947007	0.867205395427623	0.817146904427312	0.823838602433701	0.570147825392949	0.48175766177031	0.482854560161549	0.875780575110931	0.482306633316223	0.478835654874694	0.456879531654441	0.710948204988459	0.70837312691143	0.853498292837182
Amp_7q21.2	0.781884456798898	0.784408272128049	0.318433296915426	0.974489389924697	0.971349779022071	0.226448179086821	0.944057755135469	0.94871485099083	0.244159888634156	0.763947047135086	0.760887876145704	0.799010134215404	0.509583255471973	0.512264184140848	0.718414390613157	0.764449508873366	0.769790657257091	0.36032288650907	0.689418768565421	0.691808026617989	0.915156785483692	0.449350154940423	0.446431172543612	0.593043269817934	0.475588374039546	0.473747885532858	0.767057307742835
Amp_7q31.2	0.404763436606006	0.406947654110601	0.102844137268569	0.70904587850171	0.705632402218992	0.229987759977712	0.852148119471919	0.857031146066182	0.657622236561446	0.753254723178407	0.756787969078903	0.343609790809658	0.785343152000744	0.78881591626253	0.633998760840123	0.674824056816862	0.68010271935661	0.868617507088431	0.929701510926923	0.927701484945601	0.520758338690336	0.924269163950173	0.918818411208397	0.896237509485437	0.751685985431891	0.749229045377839	0.870734506398126
Amp_7q32.3	0.644855748163891	0.648984212581305	0.249937697305731	0.554935425017133	0.552761254079544	0.100480026547416	0.62060633514395	0.6145210785169	0.222926505214648	0.944905716581849	0.939633879869032	0.621808978966492	0.832086712709559	0.83467835153215	0.504195238270144	0.976465996640909	0.968796586051411	0.520081961652046	0.729164175856557	0.731010070877948	0.908580404856006	0.804541471066977	0.809630680881129	0.572544805323689	0.509267201303673	0.511392652307964	0.363861428622768
Del_8p23.2	0.139816410576569	0.142876847650153	0.234696429889474	0.97475552776199	0.972985985706718	0.912372080145123	0.311028286608817	0.315367723809053	0.247085339850865	0.244665910055831	0.248007348961665	0.24570722585252	0.802129616279283	0.800170415965004	0.758559550845077	0.390699971462429	0.393766693176713	0.299920170246603	0.0860544262594802	0.0881921821559107	0.243900341300317	0.943583311860476	0.944954974211825	0.886448506067069	0.204749768610228	0.209922109251138	0.156190917880092
Amp_8q24.21	NA	NA	NA	0.454663084338738	0.455653724527444	0.438110029034288	NA	NA	NA	NA	NA	NA	0.525176615951488	0.524786696911989	0.398147933054113	NA	NA	NA	NA	NA	NA	0.765103049006291	0.765717829528219	0.753306216752726	NA	NA	NA
Del_8q24.3	0.152998084753843	0.157247362318326	0.515090650528771	0.620254498398366	0.621889250499137	0.894574360963758	0.550811665152791	0.552751012555255	0.731144162760468	0.246841669396403	0.250311260212233	0.477961346266024	0.751862242650174	0.75315398838264	0.98442613942919	0.713077144410729	0.713591429811475	0.885529926979566	0.306734065200554	0.308581210514772	0.725429728681926	0.576315972423646	0.575537047227994	0.826665497069646	0.533785461919366	0.535563983332547	0.796816620326089
Del_9p21.3	0.0898951385428916	0.0908585063568653	0.914416314934062	0.085385131540144	0.0867477599488158	0.513792321526116	0.518614321212263	0.523035411716857	0.481422893728164	0.0399991658620868	0.0408632979975198	0.519231985512549	0.0893017066249105	0.0913756606380111	0.498024103281544	0.628264937061216	0.634314071963546	0.672286875514474	0.194026672295014	0.193300354375364	0.582668642697346	0.990383726341624	0.990509926260846	0.712280674909497	0.227126077603994	0.228354355642724	0.251941916237957
Amp_9q34.3	0.870445245812238	0.868535120621806	0.901625051918451	0.977854184506127	0.980308334876828	0.789667704797505	0.896915693624996	0.895806391213167	0.418257233107238	0.922312953500325	0.921105967851598	0.800946159758999	0.821677659645901	0.824564258396695	0.944391219526758	0.753496681044212	0.758558002440775	0.469734653041858	0.273607163925663	0.275448679583213	0.396149104862276	0.11808094199542	0.121453093749412	0.0427032856229907	0.105159085937529	0.112541813390543	0.127542291448055
Amp_10p15.1	NA	NA	NA	NA	NA	NA	NA	NA	NA	NA	NA	NA	NA	NA	NA	NA	NA	NA	NA	NA	NA	NA	NA	NA	NA	NA	NA
Del_10p15.3	0.00616518862918747	0.00688170535176317	0.864580780776905	0.0135979381711543	0.0151278190191581	0.536343956294767	0.715211710392552	0.717204971513949	0.925115993345049	0.054069781090723	0.055634223100863	0.551590821298322	0.0852283903975203	0.0880301688511767	0.816800339114526	0.856447112752061	0.859191865871178	0.663697057919382	0.0295620573494609	0.0308016778598141	0.466644890901716	0.0492017943689214	0.0510864470372397	0.374483576633777	0.578748274701579	0.579965364566739	0.505739277127095
Del_10p13	0.0160897931821131	0.0170445981148907	0.680140290177121	0.0199362333610569	0.0215521178861722	0.763215169369509	0.523986844815966	0.525647527058138	0.841247402717512	0.0576880147116925	0.0591311516620484	0.375233229721411	0.0474422424485808	0.0498768444241671	0.93382158270693	0.456586938982445	0.458466284633414	0.854484873051721	0.0306833590902961	0.0318608038765528	0.516270641136807	0.0752275466657131	0.0769514717812518	0.409393971995363	0.716721968976679	0.717401593641056	0.626572160910784
Del_10q23.31	0.00155709896177092	0.00215375017649728	0.732438185781827	0.00309064435980022	0.00421002099449196	0.353075171181041	0.335856245296644	0.33746673137574	0.536991466540517	0.00209897796142	0.0029448693436539	0.706618646902971	0.00447592403617181	0.00610166661219105	0.337802794717405	0.456752183014331	0.459142677712504	0.843567310363194	0.0818005671752045	0.0837969316206408	0.934614424151687	0.0264623057442286	0.028872270305071	0.472627130472698	0.515442925994534	0.517224186599765	0.462332399184336
Del_10q26.3	0.0099840202465955	0.0112602463049333	0.987335027496241	0.00408144274931632	0.00506760910414183	0.2279456533527	0.252170220232248	0.254680633118839	0.0743676117662407	0.0309425160108805	0.0332036782887449	0.577994559882917	0.0128263124209067	0.0148397322287814	0.561922537626142	0.130552194993511	0.132842490541324	0.0620575277189126	0.0968590127146806	0.098444188254564	0.980182564377977	0.142946534179875	0.144411116181454	0.461234945349599	0.701988506367434	0.702784020945753	0.38863836978102
Del_11p15.5	0.780428941189231	0.780118780832773	0.506108022515566	0.117870552375518	0.120239248815973	0.025347232046895	0.345774219871552	0.348203229603624	0.141330629809315	0.447200608873662	0.449926969966476	0.351845647844933	0.119490567925961	0.122223903927768	0.025965916405257	0.183007235133066	0.190635982253151	0.232211525463533	0.0738943583379089	0.0800942186347726	0.149323001721455	0.90072419570748	0.899253085332409	0.924333096748721	0.140591978247633	0.146825262615696	0.177150219792354
Del_11p15.1	0.28996257463425	0.294787348175946	0.346407188526586	0.0175910108168659	0.0190913700282023	0.00355789850482759	0.0370704893282595	0.0434784550080343	0.214399225484479	NA	NA	NA	0.0175808643210298	0.0192718445753829	0.00261730137493584	NA	NA	NA	0.00847639251891319	0.0136035266693905	0.0712537940424383	0.744906329307016	0.746209965722956	0.944575336327035	0.00948413029474349	0.0151848318020539	0.068101202963567
Amp_11p13	NA	NA	NA	NA	NA	NA	NA	NA	NA	NA	NA	NA	NA	NA	NA	NA	NA	NA	NA	NA	NA	NA	NA	NA	NA	NA	NA
Del_11p11.2	0.311475011197476	0.313981660105208	0.15181487410469	0.156102348859492	0.158500419662916	0.214132570613673	0.102918654624089	0.108834311946926	0.160768826078781	0.267260678455311	0.271954968409735	0.174752193968071	0.222864058655696	0.225641876655899	0.230984494372406	0.097437346972038	0.106549492888407	0.148648811519985	0.0534727302535203	0.057561986633514	0.0938605197482465	0.667179566732669	0.665880016073117	0.482706781463134	0.194513453606876	0.200025334805275	0.183799254869392
Amp_11q24.1	0.966083941749842	0.96702588330421	0.653779259504656	NA	NA	NA	NA	NA	NA	0.783901134371186	0.785290024447199	0.512892081364358	NA	NA	NA	NA	NA	NA	0.466439048039989	0.465384260775384	0.47089309551049	NA	NA	NA	NA	NA	NA
Amp_12p13.32	0.353452243584263	0.355073349687236	0.301821876549118	0.141302337643615	0.145621800559868	0.123809108369408	0.670610113247035	0.670944789677125	0.939304486928002	0.222294638705929	0.225166102130387	0.172322589196704	0.159182914757383	0.164166967157826	0.129267009666521	0.855682830705273	0.855712773283162	0.736178874641772	0.428991311718793	0.430309487416358	0.39424761049956	0.534095510695206	0.538182993401668	0.708089839478631	0.823894186883737	0.822307088207698	0.770365998102383
Del_12p13.1	0.628794011361926	0.630787796944517	0.840641041660754	NA	NA	NA	NA	NA	NA	0.516870280134973	0.519290154321075	0.729448843552129	NA	NA	NA	NA	NA	NA	0.13538675824132	0.139024418134126	0.171839917610353	NA	NA	NA	NA	NA	NA
Del_12q12	0.938267948778198	0.939852475085483	0.9931632807287	NA	NA	NA	NA	NA	NA	0.93708848258887	0.935992613778819	0.980830685578709	NA	NA	NA	NA	NA	NA	0.613132451455662	0.611329407854011	0.637815638033727	NA	NA	NA	NA	NA	NA
Amp_12q14.1	0.139784567057092	0.142232181177179	0.10812408329428	0.0485657824793523	0.0517965408570484	0.00834808418048954	0.517743308540569	0.518475170675203	0.920993897521461	0.10361654008343	0.106276308416527	0.0910119365802418	0.0620294486308309	0.0660380580926848	0.0119768148022774	0.642528053814416	0.642852536188878	0.875035542970921	0.902878583897055	0.905607425702768	0.994671775791796	0.0607904135744952	0.0643884104922196	0.00738879837804195	0.0793013030398313	0.0827657931422304	0.0557920216351765
Del_12q15	0.850287472086239	0.849870028933502	0.796800584775341	NA	NA	NA	NA	NA	NA	0.841154799271375	0.842999036788638	0.63494258075731	NA	NA	NA	NA	NA	NA	0.760444515653644	0.75907106258591	0.579651683792822	NA	NA	NA	NA	NA	NA
Amp_12q15	0.542284653297391	0.542771780960043	0.726171993166929	0.585033765071557	0.584425062448583	0.422719241529927	0.95254290874457	0.952544191451957	0.45037920893882	0.286847072781856	0.288822941886453	0.300274779266596	0.704856967393897	0.704840025663059	0.551000891882034	0.613503994144334	0.614264278819957	0.176367457352069	0.530311812834471	0.531395371539641	0.663294931516251	0.615262263592373	0.618081275451112	0.461941272674614	0.816986754580695	0.817059403322965	0.918860088779574
Del_13q14.2	0.116706691883223	0.117050110430516	0.290113704743845	0.395721171874281	0.398113736108912	0.550525456450455	0.967444667745346	0.96647345214478	0.999570435821259	0.327781964354722	0.327377219501542	0.619861883968406	0.293423125175913	0.296957539634816	0.535665813359824	0.657126402754405	0.658484020035828	0.849160425716658	0.23289300047887	0.232530200658462	0.254040644895727	0.817385888485825	0.816691821199252	0.877519381979124	0.579027301844539	0.579057848822259	0.457228079524364
Del_13q22.1	0.47454436891863	0.473021170514669	0.846809183069927	0.448921872440699	0.450322127978544	0.648388475648314	0.66628988410628	0.667902188329386	0.660787602130411	0.852553411685091	0.850271984230115	0.784032395350367	0.448570959392492	0.450102638133691	0.780631998464706	0.449452651034989	0.452492845233453	0.651680138087351	0.876553797288575	0.875417382682962	0.971949448119691	0.81999555190208	0.82148770541839	0.782312166357981	0.677235766208703	0.677872748238897	0.640907663329688
Amp_13q34	NA	NA	NA	NA	NA	NA	NA	NA	NA	NA	NA	NA	NA	NA	NA	NA	NA	NA	NA	NA	NA	NA	NA	NA	NA	NA	NA
Del_14q13.1	0.523632151025023	0.52692218298663	0.353158446468821	0.208796577284688	0.21161031536409	0.857478777419924	0.0646039861712383	0.067852754554494	0.142132704109128	0.80843617686541	0.812233397498685	0.613487726319115	0.224649015744886	0.227922518889093	0.875705933094227	0.112740507157211	0.116814817954561	0.209156687621235	0.914144090252972	0.912031437359135	0.998065925237875	0.0150357976933012	0.0162519858792804	0.0254469865691235	0.0658060514932777	0.0674512985409828	0.0687461393589675
Del_14q24.2	0.943816264974071	0.950391195463858	0.981748336855011	0.111615194527372	0.11357870495471	0.392616782715224	0.109195042815465	0.114988774456728	0.304777720567227	0.599617226594212	0.592877291415762	0.514227601699339	0.107093751746761	0.109301546429479	0.367894144596255	0.218427134294911	0.227109064708937	0.59125416620785	0.627201272327286	0.625609518262356	0.591930672256216	0.0322692891845379	0.033960382648965	0.0225298815715737	0.173062475419439	0.175247178474509	0.247324394219038
Del_14q31.3	0.895421916065194	0.906155906843039	0.537861053124081	0.247485628799131	0.248619568048537	0.804666799514084	0.267392288283519	0.281546545670763	0.609258252851301	0.729875117244458	0.71804916704284	0.91311814950535	0.236460360738543	0.237869342083057	0.75897393383111	0.47269275253136	0.494932707075878	0.993827417204122	0.595526621903784	0.592706369995917	0.747685958961453	0.0289144366861877	0.0303466157323492	0.0214090573419526	0.125518298276256	0.128293951948339	0.170300924217202
Amp_14q32.33	NA	NA	NA	NA	NA	NA	NA	NA	NA	NA	NA	NA	NA	NA	NA	NA	NA	NA	NA	NA	NA	NA	NA	NA	NA	NA	NA
Del_15q14	0.671142913934356	0.668674855275758	0.635487188193273	0.357958078341972	0.360231113049067	0.523750729291272	0.575196676598787	0.575953587393287	0.136282838387969	0.580755598150178	0.577918053916875	0.841164466854927	0.170075040262303	0.172624223754809	0.212635908740178	0.274138382592991	0.276205711012566	0.117585116802341	0.52131302506651	0.520257675694726	0.984740215080447	0.49284267718342	0.493276824274189	0.429230047835661	0.369471261343996	0.369960354708152	0.675536498506891
Del_16p12.2	0.640932482381269	0.642366349620846	0.517511504234558	0.58468154281977	0.587905090191699	0.768143610166498	0.520729034960312	0.524092001296578	0.510435768060109	0.826153921219113	0.827210438353242	0.640970523395786	0.852906888753698	0.857289250608307	0.783399962911853	0.741870991373177	0.7457208249668	0.646948806942419	0.599299534316018	0.59950385222145	0.594892432412564	0.573478793393642	0.573531273683882	0.721678232579173	0.990541224472914	0.992007827678193	0.866086761360717
Del_16q23.1	0.0994186130438305	0.101108015503986	0.0170686764691845	0.974894878048477	0.974872851041003	0.784729458068117	0.308224211320709	0.308764663584251	0.154080889819297	0.233657301092162	0.235412624311541	0.0760952024016872	0.553586602208344	0.552664554749382	0.908248975226426	0.779860056811035	0.777118056564974	0.552157145251927	0.876726566887174	0.876241122743839	0.85408896471222	0.830567609267526	0.829388594627855	0.797200734556488	0.983728262795055	0.982248081838015	0.718976341377121
Amp_17p13.2	NA	NA	NA	NA	NA	NA	NA	NA	NA	NA	NA	NA	NA	NA	NA	NA	NA	NA	NA	NA	NA	NA	NA	NA	NA	NA	NA
Del_17p13.1	0.306564202503424	0.306808929267782	0.248076062904267	0.495798315879471	0.496617754038669	0.238488037385687	0.164250320875183	0.168420962621743	0.0383447082587135	0.261436594848256	0.26114389557593	0.138441632647688	0.488711889007081	0.490065019712782	0.181963955893347	0.170575790967274	0.175657254294321	0.000648632168082597	0.297354757433714	0.297819858115855	0.261649894392127	0.602956197141804	0.606743109310727	0.571429069213256	0.334140375694001	0.336905574331436	0.282844842930215
Del_17q11.2	0.31165170757348	0.312409804105497	0.172319289129068	0.581405332340974	0.583015395228866	0.370381974285864	0.257492901342681	0.261466034594067	0.235607815040221	0.1162999617263	0.117943322962205	0.0206450250455884	0.897882490099796	0.899557151461597	0.39916590538837	0.420171213898364	0.422674806445143	0.170172435469797	0.6009026911527	0.599972145161639	0.490668517109793	0.464566270596492	0.466490817926098	0.420716369829203	0.479654692214018	0.485368799076934	0.310307959587146
Amp_17q25.1	0.116448494593583	0.118516390856624	0.0958938994540017	0.0325842605467792	0.0351694353519971	0.00164303012357322	0.606252613546165	0.606897485039393	0.302823452737987	0.0639115249011805	0.0663545287392785	0.0319954106311937	0.0304391271350086	0.0332115271582755	0.00121235207042987	0.7082181221507	0.708490837734722	0.403325922659837	0.088627955327486	0.0922030551392595	0.0418437918439075	0.577964614801236	0.579065881023921	0.52947778866526	0.304177884253606	0.307445850693467	0.674462618990369
Del_18q23	0.874727100617494	0.875882905442064	0.37695554222535	0.45088935133591	0.452805223034756	0.647174475117591	0.446043271616831	0.446420043259243	0.765862550844668	0.737861386560434	0.74001738265096	0.494130862057367	0.749946373425057	0.751462618428287	0.661134896203956	0.536509212478116	0.535665160660971	0.867047849462379	0.961422809723521	0.963346790045901	0.540291115573371	0.385802286685069	0.387320863825722	0.473055230947253	0.399757536526073	0.399492340458057	0.41474505338732
Amp_19p13.3	0.0724050791165185	0.0736752845849011	0.0273340045964928	0.753970271957795	0.753695030928947	0.560419938264817	0.1853066614181	0.186642399426933	0.0536468661131261	0.044256843162644	0.0457197304549671	0.023850943811926	0.937942272822963	0.938107591059172	0.708540041724981	0.0615562173207355	0.0633936916214454	0.0297610001050307	0.0560768827607202	0.057077320228985	0.0216105774944896	0.438443842516284	0.43989639294975	0.35795352638537	0.333538347653779	0.333235343147832	0.160958571348212
Amp_19q12	0.292535803405023	0.293084165923488	0.0737922060117114	0.29489250481852	0.296547731597396	0.143532277374438	0.984881647924532	0.984716940431552	0.856160701011076	0.130992243925853	0.132325058968195	0.0363519103446792	0.647125746660972	0.649903409017016	0.353238344200802	0.363196077803556	0.364266474059965	0.239914477890262	0.173678570769382	0.175007247449393	0.036346933442491	0.124822949959711	0.126373985599724	0.102113670566339	0.740850967166991	0.737298471600259	0.947832003206809
Amp_19q13.2	0.0800769380025328	0.080959713981453	0.021463630612169	0.163786538276284	0.164261322863353	0.0861523960181074	0.835747243214749	0.835762279872982	0.755125494354562	0.026694798588087	0.0277576815621997	0.00950049017624007	0.402431815294704	0.402242265862717	0.218642319632939	0.288924468321527	0.290333050926302	0.196547102287717	0.0845966581625467	0.0855182138822276	0.0245546791177334	0.0764562113680366	0.0777491213317346	0.0737751191682638	0.712647928562378	0.711213166667765	0.959322283624531
Del_19q13.41	0.0908842774098989	0.092500565661468	0.0883837369032275	0.844462023648592	0.845183905276485	0.793353490955211	0.278866252033636	0.28232777469119	0.473459733134013	0.192174672686661	0.19344435982177	0.163994364006706	0.932601629382902	0.933255864210556	0.718438845002971	0.413866374816242	0.416055760443969	0.599589658504802	0.214846050442959	0.217602262094022	0.18107379186227	0.431138630540116	0.431720427205183	0.580446602448621	0.328635211384978	0.332635163033807	0.223152526134642
Del_19q13.43	0.198400070609276	0.199707724758103	0.203373501390466	0.938803986910492	0.939353181075139	0.692299848469374	0.523075796182064	0.524296527630131	0.994243846487899	0.405679661084653	0.405316425715587	0.379210775677675	0.77203925536614	0.772972734289421	0.862248261288818	0.563327004491356	0.564360206141469	0.924934101225377	0.713881189391861	0.716703180371699	0.598742468763551	0.460361242897383	0.460634546431214	0.57331438852049	0.539713572548197	0.543129201185299	0.488622579185517
Del_22q13.32	0.531595096029158	0.539958116910087	0.318605631908595	0.191598978979294	0.192599750505045	0.0550649859002307	0.499412886124395	0.492163320796139	0.423990691432159	0.684597603343837	0.694859001207154	0.448901140437252	0.619040144091254	0.619075365259427	0.211194654548877	0.982006077593821	0.970652190743789	0.816973383903003	0.6934580272653	0.694397484906138	0.879615336043838	0.103019467886771	0.104549303361894	0.0531250278094456	0.151781535565815	0.153068947263379	0.160306257170115
