Entrez ID
5111
1164
51203
6241
11130
9055
7027
890
891
9833
22974
332
54892
55159
10460
983
9768
4171
4174
55723
9133
54676
10112
9232
6790
991
55355
2305
51659
4085
11065
9837
4175
9918
79023
1163
146909
4176
1820
9212
55143
6632
10024
54069
10212
51327
9700
3145
11157
4173
23310
10465
8318
51514
2038
3151
4172
5196
5473
5984
7153
701
81620
2237
2623
2994
3148
3835
10661
79682
5983
6006
6886
6929
212
222642
83461
1058
51192
51512
4778
11339
79801
11267
6628
6708
3792
11004
4066
5715
29127
22934
8914
57570
7298
7443
25793
3020
4521
5341
5427
6005
7468
9582
669
10036
23234
26271
24137
28999
4288
5226
6119
6427
25893
11093
55038
1033
2235
3930
3978
4001
4277
23225
23594
10635
6007
10051
2993
10556
10107
